[Eagle]
Version="09 00 00"
Platform="Windows"
Globals="Globals"
Desktop="Desktop"

[Globals]
AutoSaveProject=1
UsedLibraryUrn="urn:adsk.eagle:library:371"
UsedLibrary="D:/Dropbox (Personal)/CBA/doc/libraries_jake/eagle/transistor-power.lbr"
UsedLibrary="D:/Dropbox (Personal)/CBA/doc/libraries/eagle/connector.lbr"
UsedLibrary="D:/Dropbox (Personal)/CBA/doc/libraries/eagle/fab.lbr"
UsedLibrary="D:/Dropbox (Personal)/CBA/doc/libraries/eagle/lights.lbr"
UsedLibrary="D:/Dropbox (Personal)/CBA/doc/libraries/eagle/microcontrollers.lbr"
UsedLibrary="D:/Dropbox (Personal)/CBA/doc/libraries/eagle/motors.lbr"
UsedLibrary="D:/Dropbox (Personal)/CBA/doc/libraries/eagle/power.lbr"
UsedLibrary="D:/Dropbox (Personal)/CBA/doc/libraries/eagle/sensor.lbr"
UsedLibrary="D:/Dropbox (Personal)/CBA/doc/libraries/eagle/tag-connect-2030.lbr"
UsedLibrary="D:/Dropbox (Personal)/CBA/doc/libraries/eagle/tag-connect-2050.lbr"
UsedLibrary="D:/Dropbox (Personal)/CBA/doc/libraries_jake/eagle/sparkfun/SparkFun-Connectors.lbr"
UsedLibrary="D:/Dropbox (Personal)/CBA/doc/libraries_jake/eagle/marekr/borkedlabs-passives.lbr"
UsedLibrary="D:/Dropbox (Personal)/CBA/doc/libraries_jake/eagle/marekr/borkedlabs-misc.lbr"

[Win_1]
Type="Library Editor"
Number=3
File="D:/Dropbox (Personal)/CBA/doc/libraries/eagle/connector.lbr"
View="-1.32112 -24.8187 58.0911 67.3534"
WireWidths=" 0.0762 0.1016 0.15 0.2 0.2032 0.3048 0.4064 0.508 0.6096 0.8128 1.016 1.27 2.54 0.1524 0.254 0.127"
PadDiameters=" 0.254 0.3048 0.4064 0.6096 0.8128 1.016 1.27 1.4224 1.6764 1.778 1.9304 2.1844 2.54 3.81 6.4516 0"
PadDrills=" 0.2 0.25 0.3 0.35 0.4 0.45 0.5 0.55 0.65 0.7 0.75 0.8 0.85 0.9 1 0.6"
ViaDiameters=" 0.55 0.6 0.65 0.7 0.75 0.8 0.85 0.9 0.95 1 1.05 1.1 1.15 1.2 1.3 0"
ViaDrills=" 0.2 0.25 0.3 0.4 0.45 0.5 0.55 0.6 0.65 0.7 0.75 0.8 0.85 0.9 1 0.35"
HoleDrills=" 0.2 0.25 0.3 0.4 0.45 0.5 0.55 0.6 0.65 0.7 0.75 0.8 0.85 0.9 1 0.35"
TextSizes=" 0.254 0.3048 0.4064 1.016 1.4224 1.6764 1.9304 2.1844 2.54 3.81 5.08 6.4516 1.778 0.8128 0.6096 1.27"
PolygonSpacings=" 0.254 0.3048 0.4064 0.6096 0.8128 1.016 1.4224 1.6764 1.778 1.9304 2.1844 2.54 3.81 5.08 6.4516 1.27"
PolygonIsolates=" 0.254 0.3048 0.4064 0.6096 0.8128 1.016 1.27 1.4224 1.6764 1.778 1.9304 2.1844 2.54 3.81 6.4516 0"
MiterRadiuss=" 0.254 0.3175 0.635 1.27 2.54 1 2 2.5 5 7.5 10 0"
DimensionWidths=" 0 0.127 0.254 0.1 0.26 0.13"
DimensionExtWidths=" 0.127 0.254 0.1 0.13 0.26 0"
DimensionExtLengths=" 1.27 2.54 1 2 3 0"
DimensionExtOffsets=" 1.27 2.54 1 2 3 0"
SmdSizes=" 0.4064 0.2032 0.6096 0.3048 0.8128 0.4064 1.016 0.508 1.27 0.6604 1.4224 0.7112 1.6764 0.8128 1.778 0.9144 1.9304 0.9652 2.1844 1.0668 2.54 1.27 3.81 1.9304 5.08 2.54 6.4516 3.2512 1.27 0.635 3.175 0.635"
WireBend=2
WireBendSet=0
WireCap=1
MiterStyle=0
PadShape=0
ViaShape=1
PolygonPour=0
PolygonRank=0
PolygonThermals=1
PolygonOrphans=0
TextRatio=8
DimensionUnit=1
DimensionPrecision=2
DimensionShowUnit=0
PinDirection=3
PinFunction=0
PinLength=2
PinVisible=3
SwapLevel=0
ArcDirection=0
AddLevel=2
PadsSameType=0
Layer=21
Package="RASPBERRYPI-3BPLUS"

[Win_2]
Type="Schematic Editor"
Number=1
File="mkrouter-v06.sch"
View="-39.971 209.905 100.356 343.634"
WireWidths=" 0.0762 0.1016 0.127 0.15 0.2 0.2032 0.254 0.3048 0.4064 0.508 0.6096 0.8128 1.016 1.27 2.54 0.1524"
PadDiameters=" 0.254 0.3048 0.4064 0.6096 0.8128 1.016 1.27 1.4224 1.6764 1.778 1.9304 2.1844 2.54 3.81 6.4516 0"
PadDrills=" 0.2 0.25 0.3 0.35 0.4 0.45 0.5 0.55 0.65 0.7 0.75 0.8 0.85 0.9 1 0.6"
ViaDiameters=" 0.55 0.6 0.65 0.7 0.75 0.8 0.85 0.9 0.95 1 1.05 1.1 1.15 1.2 1.3 0"
ViaDrills=" 0.2 0.25 0.3 0.4 0.45 0.5 0.55 0.6 0.65 0.7 0.75 0.8 0.85 0.9 1 0.35"
HoleDrills=" 0.2 0.25 0.3 0.4 0.45 0.5 0.55 0.6 0.65 0.7 0.75 0.8 0.85 0.9 1 0.35"
TextSizes=" 0.254 0.3048 0.4064 0.6096 0.8128 1.016 1.27 1.4224 1.6764 1.9304 2.1844 2.54 3.81 5.08 6.4516 1.778"
PolygonSpacings=" 0.254 0.3048 0.4064 0.6096 0.8128 1.016 1.4224 1.6764 1.778 1.9304 2.1844 2.54 3.81 5.08 6.4516 1.27"
PolygonIsolates=" 0.254 0.3048 0.4064 0.6096 0.8128 1.016 1.27 1.4224 1.6764 1.778 1.9304 2.1844 2.54 3.81 6.4516 0"
MiterRadiuss=" 0.254 0.3175 0.635 1.27 2.54 1 2 2.5 5 7.5 10 0"
DimensionWidths=" 0 0.127 0.254 0.1 0.26 0.13"
DimensionExtWidths=" 0.127 0.254 0.1 0.13 0.26 0"
DimensionExtLengths=" 1.27 2.54 1 2 3 0"
DimensionExtOffsets=" 1.27 2.54 1 2 3 0"
SmdSizes=" 0.3048 0.1524 0.4064 0.2032 0.6096 0.3048 0.8128 0.4064 1.016 0.508 1.27 0.6604 1.4224 0.7112 1.6764 0.8128 1.778 0.9144 1.9304 0.9652 2.1844 1.0668 2.54 1.27 3.81 1.9304 5.08 2.54 6.4516 3.2512 1.27 0.635"
WireBend=4
WireBendSet=31
WireCap=1
MiterStyle=0
PadShape=0
ViaShape=1
PolygonPour=0
PolygonRank=0
PolygonThermals=1
PolygonOrphans=0
TextRatio=8
DimensionUnit=1
DimensionPrecision=2
DimensionShowUnit=0
PinDirection=3
PinFunction=0
PinLength=2
PinVisible=3
SwapLevel=0
ArcDirection=0
AddLevel=2
PadsSameType=0
Layer=91
Views=" 1: -39.971 209.905 100.356 343.634"
Sheet="1"

[Win_3]
Type="Board Editor"
Number=2
File="mkrouter-v06.brd"
View="13.4326 60.5944 28.7374 82.3514"
WireWidths=" 0.0762 0.1016 0.127 0.15 0.4064 0.508 0.6096 2.54 0.2 0.254 0.2032 0.3048 1.27 1.016 0.8128 0.1524"
PadDiameters=" 0.254 0.3048 0.4064 0.6096 0.8128 1.016 1.27 1.4224 1.6764 1.778 1.9304 2.1844 2.54 3.81 6.4516 0"
PadDrills=" 0.2 0.25 0.35 0.4 0.45 0.5 0.55 0.65 0.7 0.75 0.8 0.85 0.9 1 0.6 0.3"
ViaDiameters=" 0.55 0.6 0.65 0.7 0.75 0.8 0.85 0.9 0.95 1 1.05 1.1 1.15 1.2 1.3 0"
ViaDrills=" 0.2 0.4 0.5 0.55 0.6 0.65 0.7 0.75 0.8 0.85 0.9 1 0.25 0.45 0.3 0.35"
HoleDrills=" 0.2 0.25 0.4 0.45 0.5 0.55 0.6 0.65 0.7 0.75 0.8 0.85 0.9 1 0.35 0.3"
TextSizes=" 0.254 0.3048 0.4064 0.8128 1.27 1.9304 2.1844 2.54 3.81 5.08 6.4516 1.778 1.016 0.6096 1.4224 1.6764"
PolygonSpacings=" 0.254 0.3048 0.4064 0.6096 0.8128 1.016 1.4224 1.6764 1.778 1.9304 2.1844 2.54 3.81 5.08 6.4516 1.27"
PolygonIsolates=" 0.254 0.3048 0.4064 0.6096 0.8128 1.016 1.27 1.4224 1.6764 1.778 1.9304 2.1844 2.54 3.81 6.4516 0"
MiterRadiuss=" 0.254 0.3175 0.635 1.27 2.54 1 2 2.5 5 7.5 10 0"
DimensionWidths=" 0 0.127 0.254 0.1 0.26 0.13"
DimensionExtWidths=" 0.127 0.254 0.1 0.13 0.26 0"
DimensionExtLengths=" 1.27 2.54 1 2 3 0"
DimensionExtOffsets=" 1.27 2.54 1 2 3 0"
SmdSizes=" 0.3048 0.1524 0.4064 0.2032 0.6096 0.3048 0.8128 0.4064 1.016 0.508 1.27 0.6604 1.4224 0.7112 1.6764 0.8128 1.778 0.9144 1.9304 0.9652 2.1844 1.0668 2.54 1.27 3.81 1.9304 5.08 2.54 6.4516 3.2512 1.27 0.635"
WireBend=3
WireBendSet=0
WireCap=1
MiterStyle=0
PadShape=0
ViaShape=1
PolygonPour=0
PolygonRank=1
PolygonThermals=1
PolygonOrphans=0
TextRatio=8
DimensionUnit=1
DimensionPrecision=2
DimensionShowUnit=0
PinDirection=3
PinFunction=0
PinLength=2
PinVisible=3
SwapLevel=0
ArcDirection=0
AddLevel=2
PadsSameType=0
Layer=1

[Win_4]
Type="Control Panel"
Number=0

[Desktop]
Screen="3840 1080"
Window="Win_1"
Window="Win_2"
Window="Win_3"
Window="Win_4"
